f0:91:27:6b:7a:0a,2466,-31,1409,144.60,82.72,99,203737,219689
f0:91:27:6b:7a:0a,2467,-35,1410,144.55,82.72,83,203820,219772
f0:91:27:6b:7a:0a,2468,-38,1411,144.52,82.73,100,203920,219872
f0:91:27:6b:7a:0a,2469,-31,1412,144.49,82.73,96,204016,219968
f0:91:27:6b:7a:0a,2472,-31,1413,144.58,82.74,271,204287,220239
f0:91:27:6b:7a:0a,2473,-29,1414,144.54,82.75,95,204382,220334
f0:91:27:6b:7a:0a,2474,-30,1415,144.50,82.75,91,204473,220425
f0:91:27:6b:7a:0a,2476,-35,1416,144.53,82.76,183,204656,220608
f0:91:27:6b:7a:0a,2477,-35,1417,144.50,82.76,103,204759,220711
f0:91:27:6b:7a:0a,2484,-38,1418,144.86,82.79,653,205412,221364
f0:91:27:6b:7a:0a,2485,-30,1419,144.83,82.80,101,205513,221465
f0:91:27:6b:7a:0a,2486,-39,1420,144.79,82.80,91,205604,221556
f0:91:27:6b:7a:0a,2487,-30,1421,144.75,82.81,84,205688,221640
f0:91:27:6b:7a:0a,2489,-30,1422,144.78,82.81,185,205873,221825
f0:91:27:6b:7a:0a,2490,-36,1423,144.74,82.82,91,205964,221916
f0:91:27:6b:7a:0a,2491,-32,1424,144.71,82.82,97,206061,222013
f0:91:27:6b:7a:0a,2492,-30,1425,144.67,82.82,89,206150,222102
f0:91:27:6b:7a:0a,2493,-36,1426,144.63,82.83,89,206239,222191
f0:91:27:6b:7a:0a,2494,-39,1427,144.60,82.84,104,206343,222295
f0:91:27:6b:7a:0a,2495,-30,1428,144.55,82.83,77,206420,222372
f0:91:27:6b:7a:0a,2496,-32,1429,144.51,82.84,90,206510,222462
f0:91:27:6b:7a:0a,2499,-32,1430,144.60,82.85,275,206785,222737
f0:91:27:6b:7a:0a,2500,-36,1431,144.57,82.85,94,206879,222831
f0:91:27:6b:7a:0a,2555,-36,1432,147.91,83.00,4933,211812,227764
f0:91:27:6b:7a:0a,2568,-36,1433,148.57,83.00,1082,212894,228846
f0:91:27:6b:7a:0a,2573,-30,1434,148.75,83.00,420,213314,229266
f0:91:27:6b:7a:0a,2576,-31,1435,148.84,83.01,267,213581,229533
f0:91:27:6b:7a:0a,2578,-31,1436,148.85,83.01,162,213743,229695
f0:91:27:6b:7a:0a,2579,-35,1437,148.80,83.01,83,213826,229778
f0:91:27:6b:7a:0a,2580,-31,1438,148.75,83.01,83,213909,229861
f0:91:27:6b:7a:0a,2582,-31,1439,148.77,83.01,167,214076,230028
f0:91:27:6b:7a:0a,2583,-36,1440,148.72,83.01,85,214161,230113
f0:91:27:6b:7a:0a,2585,-31,1441,148.73,83.01,160,214321,230273
f0:91:27:6b:7a:0a,2586,-31,1442,148.69,83.01,91,214412,230364
f0:91:27:6b:7a:0a,2587,-30,1443,148.64,83.01,82,214494,230446
f0:91:27:6b:7a:0a,2588,-31,1444,148.60,83.01,89,214583,230535
f0:91:27:6b:7a:0a,2590,-32,1445,148.62,83.01,169,214752,230704
f0:91:27:6b:7a:0a,2591,-30,1446,148.58,83.01,88,214840,230792
f0:91:27:6b:7a:0a,2592,-32,1447,148.52,83.01,75,214915,230867
f0:91:27:6b:7a:0a,2593,-39,1448,148.48,83.01,90,215005,230957
f0:91:27:6b:7a:0a,2594,-30,1449,148.43,83.01,76,215081,231033
f0:91:27:6b:7a:0a,2595,-32,1450,148.39,83.01,85,215166,231118
f0:91:27:6b:7a:0a,2600,-31,1451,148.58,83.01,423,215589,231541
f0:91:27:6b:7a:0a,2603,-30,1452,148.64,83.01,238,215827,231779
f0:91:27:6b:7a:0a,2604,-32,1453,148.60,83.01,90,215917,231869
f0:91:27:6b:7a:0a,2611,-30,1454,148.89,83.01,567,216484,232436
f0:91:27:6b:7a:0a,2612,-39,1455,148.85,83.01,89,216573,232525
f0:91:27:6b:7a:0a,2613,-30,1456,148.80,83.01,81,216654,232606
f0:91:27:6b:7a:0a,2615,-39,1457,148.81,83.01,162,216816,232768
f0:91:27:6b:7a:0a,2616,-30,1458,148.77,83.01,84,216900,232852
f0:91:27:6b:7a:0a,2639,-30,1459,149.94,82.99,1858,218758,234710
f0:91:27:6b:7a:0a,2641,-36,1460,149.94,82.99,159,218917,234869
f0:91:27:6b:7a:0a,2643,-32,1461,149.95,82.99,167,219084,235036
f0:91:27:6b:7a:0a,2644,-30,1462,149.91,82.99,87,219171,235123
f0:91:27:6b:7a:0a,2645,-32,1463,149.86,82.99,79,219250,235202
f0:91:27:6b:7a:0a,2646,-39,1464,149.82,82.99,85,219335,235287
f0:91:27:6b:7a:0a,2647,-36,1465,149.77,82.99,80,219415,235367
f0:91:27:6b:7a:0a,2650,-32,1466,149.83,82.98,236,219651,235603
f0:91:27:6b:7a:0a,2652,-36,1467,149.83,82.98,154,219805,235757
f0:91:27:6b:7a:0a,2653,-31,1468,149.79,82.98,85,219890,235842
f0:91:27:6b:7a:0a,2654,-31,1469,149.74,82.97,76,219966,235918
f0:91:27:6b:7a:0a,2655,-32,1470,149.69,82.97,74,220040,235992
f0:91:27:6b:7a:0a,2656,-38,1471,149.65,82.97,90,220130,236082
f0:91:27:6b:7a:0a,2658,-36,1472,149.66,82.97,165,220295,236247
f0:91:27:6b:7a:0a,2659,-31,1473,149.61,82.97,82,220377,236329
f0:91:27:6b:7a:0a,2660,-36,1474,149.57,82.97,86,220463,236415
f0:91:27:6b:7a:0a,2661,-31,1475,149.52,82.98,86,220549,236501
f0:91:27:6b:7a:0a,2662,-32,1476,149.48,82.97,78,220627,236579
f0:91:27:6b:7a:0a,2663,-36,1477,149.42,82.97,71,220698,236650
f0:91:27:6b:7a:0a,2664,-31,1478,149.38,82.97,79,220777,236729
f0:91:27:6b:7a:0a,2667,-36,1479,149.44,82.97,246,221023,236975
f0:91:27:6b:7a:0a,2668,-31,1480,149.39,82.97,81,221104,237056
f0:91:27:6b:7a:0a,2669,-33,1481,149.34,82.96,73,221177,237129
f0:91:27:6b:7a:0a,2670,-36,1482,149.30,82.96,85,221262,237214
f0:91:27:6b:7a:0a,2671,-31,1483,149.25,82.96,75,221337,237289
f0:91:27:6b:7a:0a,2672,-33,1484,149.20,82.96,83,221420,237372
f0:91:27:6b:7a:0a,2674,-32,1485,149.22,82.96,168,221588,237540
f0:91:27:6b:7a:0a,2675,-33,1486,149.17,82.96,75,221663,237615
f0:91:27:6b:7a:0a,2676,-31,1487,149.13,82.96,94,221757,237709
f0:91:27:6b:7a:0a,2678,-33,1488,149.13,82.96,148,221905,237857
f0:91:27:6b:7a:0a,2679,-32,1489,149.09,82.96,85,221990,237942
f0:91:27:6b:7a:0a,2681,-33,1490,149.09,82.95,151,222141,238093
f0:91:27:6b:7a:0a,2682,-37,1491,149.04,82.95,77,222218,238170
f0:91:27:6b:7a:0a,2683,-31,1492,148.99,82.95,78,222296,238248
f0:91:27:6b:7a:0a,2684,-32,1493,148.95,82.94,79,222375,238327
f0:91:27:6b:7a:0a,2685,-37,1494,148.90,82.94,81,222456,238408
f0:91:27:6b:7a:0a,2686,-31,1495,148.85,82.94,78,222534,238486
f0:91:27:6b:7a:0a,2687,-32,1496,148.81,82.94,81,222615,238567
f0:91:27:6b:7a:0a,2689,-36,1497,148.81,82.94,153,222768,238720
f0:91:27:6b:7a:0a,2690,-31,1498,148.76,82.94,80,222848,238800
f0:91:27:6b:7a:0a,2691,-33,1499,148.72,82.93,81,222929,238881
f0:91:27:6b:7a:0a,2692,-37,1500,148.67,82.93,71,223000,238952
f0:91:27:6b:7a:0a,2693,-31,1501,148.62,82.93,81,223081,239033
f0:91:27:6b:7a:0a,2694,-32,1502,148.58,82.93,89,223170,239122
f0:91:27:6b:7a:0a,2696,-38,1503,148.58,82.93,149,223319,239271
f0:91:27:6b:7a:0a,2698,-32,1504,148.59,82.92,161,223480,239432
f0:91:27:6b:7a:0a,2702,-36,1505,148.70,82.92,315,223795,239747
f0:91:27:6b:7a:0a,2703,-42,1506,148.65,82.92,76,223871,239823
f0:91:27:6b:7a:0a,2704,-37,1507,148.61,82.91,79,223950,239902
f0:91:27:6b:7a:0a,2706,-31,1508,148.61,82.91,154,224104,240056
f0:91:27:6b:7a:0a,2709,-31,1509,148.67,82.91,243,224347,240299
f0:91:27:6b:7a:0a,2712,-31,1510,148.73,82.90,235,224582,240534
f0:91:27:6b:7a:0a,2720,-36,1511,149.05,82.89,632,225214,241166
f0:91:27:6b:7a:0a,2721,-31,1512,149.00,82.89,81,225295,241247
f0:91:27:6b:7a:0a,2724,-31,1513,149.07,82.89,252,225547,241499
f0:91:27:6b:7a:0a,2729,-42,1514,149.24,82.89,404,225951,241903
f0:91:27:6b:7a:0a,2730,-31,1515,149.19,82.88,76,226027,241979
f0:91:27:6b:7a:0a,2731,-32,1516,149.15,82.88,78,226105,242057
f0:91:27:6b:7a:0a,2732,-39,1517,149.10,82.88,84,226189,242141
f0:91:27:6b:7a:0a,2744,-32,1518,149.63,82.86,942,227131,243083
f0:91:27:6b:7a:0a,2758,-31,1519,150.26,82.85,1119,228250,244202
f0:91:27:6b:7a:0a,2760,-32,1520,150.27,82.85,159,228409,244361
f0:91:27:6b:7a:0a,2762,-31,1521,150.28,82.84,160,228569,244521
f0:91:27:6b:7a:0a,2763,-32,1522,150.23,82.84,80,228649,244601
f0:91:27:6b:7a:0a,2769,-31,1523,150.44,82.83,471,229120,245072
f0:91:27:6b:7a:0a,2811,-39,1524,152.53,82.78,3331,232451,248403
f0:91:27:6b:7a:0a,2812,-31,1525,152.48,82.78,78,232529,248481
f0:91:27:6b:7a:0a,2813,-32,1526,152.43,82.78,75,232604,248556
f0:91:27:6b:7a:0a,2814,-31,1527,152.38,82.78,87,232691,248643
f0:91:27:6b:7a:0a,2817,-31,1528,152.44,82.78,238,232929,248881
f0:91:27:6b:7a:0a,2818,-32,1529,152.40,82.78,86,233015,248967
f0:91:27:6b:7a:0a,2822,-32,1530,152.50,82.77,310,233325,249277
f0:91:27:6b:7a:0a,2824,-31,1531,152.50,82.77,159,233484,249436
f0:91:27:6b:7a:0a,2826,-37,1532,152.51,82.77,165,233649,249601
f0:91:27:6b:7a:0a,2827,-31,1533,152.47,82.77,81,233730,249682
f0:91:27:6b:7a:0a,2837,-36,1534,152.87,82.75,780,234510,250462
f0:91:27:6b:7a:0a,2838,-31,1535,152.83,82.75,82,234592,250544
f0:91:27:6b:7a:0a,2839,-31,1536,152.78,82.75,85,234677,250629
f0:91:27:6b:7a:0a,2840,-32,1537,152.74,82.75,78,234755,250707
f0:91:27:6b:7a:0a,2841,-36,1538,152.69,82.75,81,234836,250788
f0:91:27:6b:7a:0a,2842,-31,1539,152.64,82.74,76,234912,250864
f0:91:27:6b:7a:0a,2843,-32,1540,152.59,82.74,79,234991,250943
f0:91:27:6b:7a:0a,2844,-31,1541,152.55,82.75,88,235079,251031
f0:91:27:6b:7a:0a,2853,-31,1542,152.91,82.73,715,235794,251746
f0:91:27:6b:7a:0a,2855,-36,1543,152.92,82.74,168,235962,251914
f0:91:27:6b:7a:0a,2857,-32,1544,152.93,82.73,156,236118,252070
f0:91:27:6b:7a:0a,2870,-31,1545,153.49,82.72,1030,237148,253100
f0:91:27:6b:7a:0a,2893,-32,1546,154.58,82.69,1833,238981,254933
f0:91:27:6b:7a:0a,2911,-32,1547,155.42,82.68,1450,240431,256383
f0:91:27:6b:7a:0a,2915,-37,1548,155.52,82.68,319,240750,256702
f0:91:27:6b:7a:0a,2919,-37,1549,155.62,82.67,310,241060,257012
f0:91:27:6b:7a:0a,2921,-32,1550,155.62,82.66,156,241216,257168
f0:91:27:6b:7a:0a,2923,-33,1551,155.62,82.66,154,241370,257322
f0:91:27:6b:7a:0a,2925,-33,1552,155.63,82.66,167,241537,257489
f0:91:27:6b:7a:0a,2927,-40,1553,155.63,82.66,153,241690,257642
f0:91:27:6b:7a:0a,2929,-32,1554,155.63,82.65,156,241846,257798
f0:91:27:6b:7a:0a,2930,-33,1555,155.58,82.65,84,241930,257882
f0:91:27:6b:7a:0a,2931,-37,1556,155.53,82.65,74,242004,257956
f0:91:27:6b:7a:0a,2932,-32,1557,155.49,82.65,89,242093,258045
f0:91:27:6b:7a:0a,2933,-33,1558,155.44,82.65,76,242169,258121
f0:91:27:6b:7a:0a,2934,-37,1559,155.38,82.65,74,242243,258195
f0:91:27:6b:7a:0a,2935,-32,1560,155.34,82.65,81,242324,258276
f0:91:27:6b:7a:0a,2937,-32,1561,155.34,82.65,158,242482,258434
f0:91:27:6b:7a:0a,2941,-33,1562,155.45,82.65,332,242814,258766
f0:91:27:6b:7a:0a,2942,-38,1563,155.40,82.64,71,242885,258837
f0:91:27:6b:7a:0a,2944,-33,1564,155.40,82.64,167,243052,259004
f0:91:27:6b:7a:0a,2945,-37,1565,155.35,82.64,75,243127,259079
f0:91:27:6b:7a:0a,2946,-32,1566,155.31,82.64,83,243210,259162
f0:91:27:6b:7a:0a,2948,-40,1567,155.31,82.64,156,243366,259318
f0:91:27:6b:7a:0a,2950,-33,1568,155.31,82.64,160,243526,259478
f0:91:27:6b:7a:0a,2951,-33,1569,155.26,82.63,75,243601,259553
f0:91:27:6b:7a:0a,2954,-33,1570,155.31,82.63,236,243837,259789
f0:91:27:6b:7a:0a,2955,-38,1571,155.26,82.63,74,243911,259863
f0:91:27:6b:7a:0a,2956,-32,1572,155.21,82.62,80,243991,259943
f0:91:27:6b:7a:0a,2958,-38,1573,155.21,82.62,159,244150,260102
f0:91:27:6b:7a:0a,2959,-32,1574,155.17,82.63,90,244240,260192
f0:91:27:6b:7a:0a,2964,-42,1575,155.34,82.63,413,244653,260605
f0:91:27:6b:7a:0a,2966,-32,1576,155.34,82.62,155,244808,260760
f0:91:27:6b:7a:0a,2967,-33,1577,155.29,82.62,77,244885,260837
f0:91:27:6b:7a:0a,2970,-34,1578,155.34,82.62,238,245123,261075
f0:91:27:6b:7a:0a,2971,-40,1579,155.29,82.62,79,245202,261154
f0:91:27:6b:7a:0a,2974,-32,1580,155.34,82.61,231,245433,261385
f0:91:27:6b:7a:0a,2975,-33,1581,155.29,82.61,77,245510,261462
f0:91:27:6b:7a:0a,2976,-43,1582,155.24,82.61,76,245586,261538
f0:91:27:6b:7a:0a,2977,-32,1583,155.19,82.61,83,245669,261621
f0:91:27:6b:7a:0a,2980,-43,1584,155.24,82.60,228,245897,261849
f0:91:27:6b:7a:0a,2985,-32,1585,155.40,82.60,411,246308,262260
f0:91:27:6b:7a:0a,2988,-41,1586,155.45,82.59,230,246538,262490
f0:91:27:6b:7a:0a,2989,-32,1587,155.40,82.59,78,246616,262568
f0:91:27:6b:7a:0a,2990,-33,1588,155.35,82.59,79,246695,262647
f0:91:27:6b:7a:0a,2992,-32,1589,155.35,82.59,155,246850,262802
f0:91:27:6b:7a:0a,3006,-33,1590,155.95,82.57,1108,247958,263910
f0:91:27:6b:7a:0a,3008,-33,1591,155.96,82.57,171,248129,264081
f0:91:27:6b:7a:0a,3029,-34,1592,156.92,82.55,1681,249810,265762
f0:91:27:6b:7a:0a,3031,-39,1593,156.91,82.55,152,249962,265914
f0:91:27:6b:7a:0a,3032,-32,1594,156.87,82.55,81,250043,265995
f0:91:27:6b:7a:0a,3033,-34,1595,156.82,82.55,80,250123,266075
f0:91:27:6b:7a:0a,3034,-39,1596,156.77,82.55,79,250202,266154
f0:91:27:6b:7a:0a,3035,-32,1597,156.72,82.55,79,250281,266233
f0:91:27:6b:7a:0a,3038,-32,1598,156.77,82.54,234,250515,266467
f0:91:27:6b:7a:0a,3043,-33,1599,156.92,82.54,393,250908,266860
f0:91:27:6b:7a:0a,4509,-34,2118,175.43,82.46,81,371556,387508
f0:91:27:6b:7a:0a,4514,-34,2119,175.53,82.45,387,371943,387895
f0:91:27:6b:7a:0a,4517,-34,2120,175.56,82.45,241,372184,388136
f0:91:27:6b:7a:0a,4519,-34,2121,175.55,82.45,162,372346,388298
f0:91:27:6b:7a:0a,4522,-34,2122,175.58,82.45,239,372585,388537
f0:91:27:6b:7a:0a,4525,-34,2123,175.61,82.45,244,372829,388781
f0:91:27:6b:7a:0a,4528,-34,2124,175.64,82.44,231,373060,389012
f0:91:27:6b:7a:0a,4529,-34,2125,175.59,82.44,72,373132,389084
f0:91:27:6b:7a:0a,4530,-38,2126,175.55,82.44,84,373216,389168
f0:91:27:6b:7a:0a,4531,-40,2127,175.50,82.44,75,373291,389243
f0:91:27:6b:7a:0a,4532,-32,2128,175.46,82.44,78,373369,389321
f0:91:27:6b:7a:0a,4533,-34,2129,175.41,82.44,78,373447,389399
f0:91:27:6b:7a:0a,4535,-34,2130,175.41,82.44,170,373617,389569
f0:91:27:6b:7a:0a,4536,-39,2131,175.36,82.44,82,373699,389651
f0:91:27:6b:7a:0a,4537,-33,2132,175.32,82.44,79,373778,389730
f0:91:27:6b:7a:0a,4538,-32,2133,175.27,82.44,78,373856,389808
f0:91:27:6b:7a:0a,4539,-34,2134,175.23,82.44,80,373936,389888
f0:91:27:6b:7a:0a,4541,-34,2135,175.22,82.44,163,374099,390051
f0:91:27:6b:7a:0a,4542,-34,2136,175.17,82.44,74,374173,390125
f0:91:27:6b:7a:0a,4554,-39,2137,175.54,82.43,961,375134,391086
f0:91:27:6b:7a:0a,4555,-33,2138,175.50,82.43,82,375216,391168
f0:91:27:6b:7a:0a,4556,-34,2139,175.45,82.43,82,375298,391250
f0:91:27:6b:7a:0a,4562,-33,2140,175.59,82.42,475,375773,391725
f0:91:27:6b:7a:0a,4563,-34,2141,175.55,82.42,78,375851,391803
f0:91:27:6b:7a:0a,4564,-32,2142,175.51,82.42,85,375936,391888
f0:91:27:6b:7a:0a,4565,-34,2143,175.46,82.42,78,376014,391966
f0:91:27:6b:7a:0a,4566,-34,2144,175.41,82.42,74,376088,392040
f0:91:27:6b:7a:0a,4567,-39,2145,175.37,82.42,82,376170,392122
f0:91:27:6b:7a:0a,4568,-32,2146,175.33,82.42,78,376248,392200
f0:91:27:6b:7a:0a,4572,-33,2147,175.39,82.42,318,376566,392518
f0:91:27:6b:7a:0a,4573,-34,2148,175.35,82.42,79,376645,392597
f0:91:27:6b:7a:0a,4576,-34,2149,175.37,82.41,233,376878,392830
f0:91:27:6b:7a:0a,4577,-38,2150,175.33,82.41,88,376966,392918
f0:91:27:6b:7a:0a,4578,-32,2151,175.29,82.41,77,377043,392995
f0:91:27:6b:7a:0a,4579,-32,2152,175.24,82.41,74,377117,393069
f0:91:27:6b:7a:0a,4580,-42,2153,175.20,82.41,84,377201,393153
f0:91:27:6b:7a:0a,4581,-39,2154,175.15,82.41,73,377274,393226
f0:91:27:6b:7a:0a,4582,-32,2155,175.11,82.41,80,377354,393306
f0:91:27:6b:7a:0a,4583,-32,2156,175.06,82.41,76,377430,393382
f0:91:27:6b:7a:0a,4585,-32,2157,175.05,82.41,157,377587,393539
f0:91:27:6b:7a:0a,4593,-34,2158,175.27,82.40,643,378230,394182
f0:91:27:6b:7a:0a,4599,-34,2159,175.41,82.40,474,378704,394656
f0:91:27:6b:7a:0a,4600,-32,2160,175.36,82.40,84,378788,394740
f0:91:27:6b:7a:0a,4605,-34,2161,175.47,82.39,392,379180,395132
f0:91:27:6b:7a:0a,4606,-39,2162,175.42,82.39,74,379254,395206
f0:91:27:6b:7a:0a,4607,-32,2163,175.38,82.39,92,379346,395298
f0:91:27:6b:7a:0a,4608,-32,2164,175.33,82.39,71,379417,395369
f0:91:27:6b:7a:0a,4611,-34,2165,175.36,82.39,248,379665,395617
f0:91:27:6b:7a:0a,4613,-32,2166,175.36,82.39,169,379834,395786
f0:91:27:6b:7a:0a,4614,-39,2167,175.32,82.39,86,379920,395872
f0:91:27:6b:7a:0a,4616,-42,2168,175.32,82.40,173,380093,396045
f0:91:27:6b:7a:0a,4617,-33,2169,175.28,82.40,80,380173,396125
f0:91:27:6b:7a:0a,4618,-39,2170,175.24,82.40,91,380264,396216
f0:91:27:6b:7a:0a,4619,-33,2171,175.19,82.40,83,380347,396299
f0:91:27:6b:7a:0a,4620,-39,2172,175.16,82.40,92,380439,396391
f0:91:27:6b:7a:0a,4621,-39,2173,175.12,82.40,98,380537,396489
f0:91:27:6b:7a:0a,4622,-32,2174,175.08,82.40,83,380620,396572
f0:91:27:6b:7a:0a,4623,-39,2175,175.04,82.40,87,380707,396659
f0:91:27:6b:7a:0a,4625,-32,2176,175.04,82.41,187,380894,396846
f0:91:27:6b:7a:0a,4626,-39,2177,175.00,82.41,90,380984,396936
f0:91:27:6b:7a:0a,4627,-32,2178,174.96,82.41,88,381072,397024
f0:91:27:6b:7a:0a,4629,-34,2179,174.97,82.42,187,381259,397211
f0:91:27:6b:7a:0a,4630,-33,2180,174.93,82.42,97,381356,397308
f0:91:27:6b:7a:0a,4634,-34,2181,175.02,82.43,365,381721,397673
f0:91:27:6b:7a:0a,4635,-33,2182,174.98,82.43,92,381813,397765
f0:91:27:6b:7a:0a,4638,-42,2183,175.03,82.43,271,382084,398036
f0:91:27:6b:7a:0a,4639,-34,2184,174.99,82.44,98,382182,398134
f0:91:27:6b:7a:0a,4640,-32,2185,174.95,82.44,93,382275,398227
f0:91:27:6b:7a:0a,4642,-34,2186,174.96,82.44,178,382453,398405
f0:91:27:6b:7a:0a,4644,-42,2187,174.96,82.45,187,382640,398592
f0:91:27:6b:7a:0a,4645,-34,2188,174.92,82.45,90,382730,398682
f0:91:27:6b:7a:0a,4646,-32,2189,174.88,82.45,91,382821,398773
f0:91:27:6b:7a:0a,4647,-39,2190,174.85,82.45,94,382915,398867
f0:91:27:6b:7a:0a,4649,-33,2191,174.85,82.46,183,383098,399050
f0:91:27:6b:7a:0a,4650,-39,2192,174.81,82.46,93,383191,399143
f0:91:27:6b:7a:0a,4653,-32,2193,174.86,82.47,283,383474,399426
f0:91:27:6b:7a:0a,4654,-39,2194,174.82,82.47,85,383559,399511
f0:91:27:6b:7a:0a,4655,-34,2195,174.79,82.47,96,383655,399607
f0:91:27:6b:7a:0a,4656,-34,2196,174.75,82.47,101,383756,399708
f0:91:27:6b:7a:0a,4658,-40,2197,174.76,82.48,183,383939,399891
f0:91:27:6b:7a:0a,4660,-34,2198,174.76,82.48,187,384126,400078
f0:91:27:6b:7a:0a,4661,-42,2199,174.72,82.49,90,384216,400168
f0:91:27:6b:7a:0a,4667,-33,2200,174.90,82.50,562,384778,400730
f0:91:27:6b:7a:0a,4669,-38,2201,174.90,82.50,180,384958,400910
f0:91:27:6b:7a:0a,4672,-33,2202,174.95,82.51,288,385246,401198
f0:91:27:6b:7a:0a,4673,-38,2203,174.92,82.51,92,385338,401290
f0:91:27:6b:7a:0a,4675,-32,2204,174.92,82.52,184,385522,401474
f0:91:27:6b:7a:0a,4677,-34,2205,174.93,82.52,188,385710,401662
f0:91:27:6b:7a:0a,4678,-32,2206,174.89,82.52,92,385802,401754
f0:91:27:6b:7a:0a,4679,-33,2207,174.85,82.53,96,385898,401850
f0:91:27:6b:7a:0a,4680,-38,2208,174.82,82.53,99,385997,401949
f0:91:27:6b:7a:0a,4681,-34,2209,174.78,82.53,95,386092,402044
f0:91:27:6b:7a:0a,4682,-32,2210,174.74,82.53,88,386180,402132
f0:91:27:6b:7a:0a,4691,-38,2211,175.04,82.56,839,387019,402971
f0:91:27:6b:7a:0a,4693,-32,2212,175.05,82.56,184,387203,403155
f0:91:27:6b:7a:0a,4707,-38,2213,175.55,82.59,1293,388496,404448
f0:91:27:6b:7a:0a,4713,-38,2214,175.73,82.60,560,389056,405008
f0:91:27:6b:7a:0a,4773,-33,2215,178.05,82.68,5327,394383,410335
f0:91:27:6b:7a:0a,4779,-37,2216,178.19,82.68,496,394879,410831
f0:91:27:6b:7a:0a,4780,-32,2217,178.15,82.68,84,394963,410915
f0:91:27:6b:7a:0a,4781,-32,2218,178.11,82.68,77,395040,410992
f0:91:27:6b:7a:0a,4783,-32,2219,178.10,82.68,169,395209,411161
f0:91:27:6b:7a:0a,4784,-33,2220,178.06,82.68,87,395296,411248
f0:91:27:6b:7a:0a,4785,-32,2221,178.02,82.68,82,395378,411330
f0:91:27:6b:7a:0a,4786,-37,2222,177.98,82.68,93,395471,411423
f0:91:27:6b:7a:0a,4787,-37,2223,177.94,82.68,80,395551,411503
f0:91:27:6b:7a:0a,4791,-37,2224,178.01,82.68,336,395887,411839
f0:91:27:6b:7a:0a,4792,-31,2225,177.96,82.68,82,395969,411921
f0:91:27:6b:7a:0a,4793,-33,2226,177.92,82.68,89,396058,412010
f0:91:27:6b:7a:0a,4798,-37,2227,178.04,82.69,429,396487,412439
f0:91:27:6b:7a:0a,4799,-40,2228,177.99,82.69,82,396569,412521
f0:91:27:6b:7a:0a,4800,-32,2229,177.95,82.69,85,396654,412606
f0:91:27:6b:7a:0a,4826,-32,2230,178.83,82.69,2141,398795,414747
f0:91:27:6b:7a:0a,4828,-32,2231,178.82,82.69,162,398957,414909
f0:91:27:6b:7a:0a,4830,-38,2232,178.82,82.68,159,399116,415068
f0:91:27:6b:7a:0a,4832,-34,2233,178.81,82.68,169,399285,415237
f0:91:27:6b:7a:0a,4834,-34,2234,178.80,82.68,163,399448,415400
f0:91:27:6b:7a:0a,4837,-38,2235,178.83,82.68,247,399695,415647
f0:91:27:6b:7a:0a,4839,-32,2236,178.83,82.68,169,399864,415816
f0:91:27:6b:7a:0a,4842,-32,2237,178.86,82.68,238,400102,416054
f0:91:27:6b:7a:0a,4843,-32,2238,178.81,82.68,71,400173,416125
f0:91:27:6b:7a:0a,4854,-38,2239,179.13,82.68,904,401077,417029
f0:91:27:6b:7a:0a,4856,-33,2240,179.12,82.68,161,401238,417190
f0:91:27:6b:7a:0a,4859,-32,2241,179.16,82.68,250,401488,417440
f0:91:27:6b:7a:0a,4860,-32,2242,179.11,82.68,74,401562,417514
f0:91:27:6b:7a:0a,4861,-40,2243,179.07,82.68,89,401651,417603
f0:91:27:6b:7a:0a,4863,-33,2244,179.06,82.68,158,401809,417761
f0:91:27:6b:7a:0a,4864,-38,2245,179.02,82.68,89,401898,417850
f0:91:27:6b:7a:0a,4865,-32,2246,178.97,82.68,76,401974,417926
f0:91:27:6b:7a:0a,4891,-38,2247,179.81,82.66,2063,404037,419989
f0:91:27:6b:7a:0a,4897,-33,2248,179.94,82.65,470,404507,420459
f0:91:27:6b:7a:0a,4898,-32,2249,179.90,82.65,87,404594,420546
f0:91:27:6b:7a:0a,4899,-34,2250,179.85,82.65,79,404673,420625
f0:91:27:6b:7a:0a,4901,-32,2251,179.85,82.65,170,404843,420795
f0:91:27:6b:7a:0a,4903,-38,2252,179.84,82.65,158,405001,420953
f0:91:27:6b:7a:0a,4904,-32,2253,179.80,82.65,88,405089,421041
f0:91:27:6b:7a:0a,4907,-32,2254,179.82,82.65,233,405322,421274
f0:91:27:6b:7a:0a,4909,-33,2255,179.81,82.65,160,405482,421434
f0:91:27:6b:7a:0a,4910,-38,2256,179.77,82.65,83,405565,421517
f0:91:27:6b:7a:0a,4911,-32,2257,179.72,82.65,68,405633,421585
f0:91:27:6b:7a:0a,4912,-33,2258,179.68,82.65,78,405711,421663
f0:91:27:6b:7a:0a,4913,-38,2259,179.63,82.65,79,405790,421742
f0:91:27:6b:7a:0a,4914,-32,2260,179.59,82.65,82,405872,421824
f0:91:27:6b:7a:0a,4917,-37,2261,179.61,82.64,235,406107,422059
f0:91:27:6b:7a:0a,4918,-33,2262,179.57,82.64,83,406190,422142
f0:91:27:6b:7a:0a,4919,-37,2263,179.53,82.64,83,406273,422225
f0:91:27:6b:7a:0a,4921,-32,2264,179.52,82.64,159,406432,422384
f0:91:27:6b:7a:0a,4922,-33,2265,179.48,82.64,79,406511,422463
f0:91:27:6b:7a:0a,4923,-38,2266,179.43,82.64,81,406592,422544
f0:91:27:6b:7a:0a,4924,-32,2267,179.39,82.64,78,406670,422622
f0:91:27:6b:7a:0a,4925,-33,2268,179.34,82.64,80,406750,422702
f0:91:27:6b:7a:0a,4926,-37,2269,179.30,82.64,87,406837,422789
f0:91:27:6b:7a:0a,4927,-38,2270,179.26,82.64,72,406909,422861
f0:91:27:6b:7a:0a,4933,-37,2271,179.38,82.63,474,407383,423335
f0:91:27:6b:7a:0a,4942,-33,2272,179.63,82.63,728,408111,424063
f0:91:27:6b:7a:0a,4945,-34,2273,179.65,82.63,240,408351,424303
f0:91:27:6b:7a:0a,4956,-38,2274,179.96,82.62,875,409226,425178
f0:91:27:6b:7a:0a,4957,-32,2275,179.92,82.62,84,409310,425262
f0:91:27:6b:7a:0a,4958,-33,2276,179.87,82.62,75,409385,425337
f0:91:27:6b:7a:0a,4961,-33,2277,179.90,82.62,236,409621,425573
f0:91:27:6b:7a:0a,4962,-35,2278,179.85,82.62,83,409704,425656
f0:91:27:6b:7a:0a,4963,-33,2279,179.81,82.62,84,409788,425740
f0:91:27:6b:7a:0a,4964,-32,2280,179.76,82.62,76,409864,425816
f0:91:27:6b:7a:0a,4966,-40,2281,179.76,82.62,169,410033,425985
f0:91:27:6b:7a:0a,4967,-33,2282,179.72,82.62,83,410116,426068
f0:91:27:6b:7a:0a,4968,-35,2283,179.67,82.62,71,410187,426139
f0:91:27:6b:7a:0a,4969,-40,2284,179.63,82.62,90,410277,426229
f0:91:27:6b:7a:0a,4970,-32,2285,179.58,82.62,73,410350,426302
f0:91:27:6b:7a:0a,4971,-33,2286,179.54,82.62,88,410438,426390
f0:91:27:6b:7a:0a,4973,-33,2287,179.54,82.62,168,410606,426558
f0:91:27:6b:7a:0a,4974,-33,2288,179.49,82.62,77,410683,426635
f0:91:27:6b:7a:0a,4975,-38,2289,179.45,82.61,76,410759,426711
f0:91:27:6b:7a:0a,4978,-32,2290,179.48,82.61,247,411006,426958
f0:91:27:6b:7a:0a,4979,-33,2291,179.43,82.61,79,411085,427037
f0:91:27:6b:7a:0a,4987,-37,2292,179.64,82.61,639,411724,427676
f0:91:27:6b:7a:0a,4993,-33,2293,179.76,82.60,466,412190,428142
f0:91:27:6b:7a:0a,4994,-38,2294,179.72,82.60,82,412272,428224
f0:91:27:6b:7a:0a,4995,-32,2295,179.67,82.60,79,412351,428303
f0:91:27:6b:7a:0a,4996,-33,2296,179.63,82.60,83,412434,428386
f0:91:27:6b:7a:0a,4997,-40,2297,179.59,82.60,81,412515,428467
f0:91:27:6b:7a:0a,4998,-32,2298,179.54,82.60,74,412589,428541
f0:91:27:6b:7a:0a,4999,-32,2299,179.50,82.60,78,412667,428619
f0:91:27:6b:7a:0a,5000,-33,2300,179.45,82.60,75,412742,428694
f0:91:27:6b:7a:0a,5004,-32,2301,179.51,82.60,322,413064,429016
f0:91:27:6b:7a:0a,5007,-35,2302,179.54,82.59,231,413295,429247
f0:91:27:6b:7a:0a,5008,-33,2303,179.50,82.59,88,413383,429335
f0:91:27:6b:7a:0a,5009,-32,2304,179.46,82.59,83,413466,429418
f0:91:27:6b:7a:0a,5011,-33,2305,179.45,82.59,157,413623,429575
f0:91:27:6b:7a:0a,5012,-41,2306,179.41,82.59,86,413709,429661
f0:91:27:6b:7a:0a,5013,-40,2307,179.36,82.59,71,413780,429732
f0:91:27:6b:7a:0a,5014,-36,2308,179.32,82.59,91,413871,429823
f0:91:27:6b:7a:0a,5015,-40,2309,179.28,82.59,76,413947,429899
f0:91:27:6b:7a:0a,5017,-36,2310,179.27,82.59,162,414109,430061
f0:91:27:6b:7a:0a,5023,-35,2311,179.40,82.59,489,414598,430550
f0:91:27:6b:7a:0a,5024,-41,2312,179.36,82.59,76,414674,430626
f0:91:27:6b:7a:0a,5026,-41,2313,179.35,82.59,170,414844,430796
f0:91:27:6b:7a:0a,5034,-35,2314,179.55,82.58,630,415474,431426
f0:91:27:6b:7a:0a,5035,-36,2315,179.50,82.58,72,415546,431498
f0:91:27:6b:7a:0a,5036,-40,2316,179.46,82.58,78,415624,431576
f0:91:27:6b:7a:0a,5051,-36,2317,179.89,82.57,1175,416799,432751
f0:91:27:6b:7a:0a,5052,-40,2318,179.84,82.57,80,416879,432831
f0:91:27:6b:7a:0a,5053,-33,2319,179.80,82.57,80,416959,432911
f0:91:27:6b:7a:0a,5054,-33,2320,179.76,82.57,77,417036,432988
f0:91:27:6b:7a:0a,5055,-40,2321,179.72,82.57,86,417122,433074
f0:91:27:6b:7a:0a,5056,-33,2322,179.68,82.57,85,417207,433159
f0:91:27:6b:7a:0a,5057,-35,2323,179.63,82.56,74,417281,433233
f0:91:27:6b:7a:0a,5058,-40,2324,179.59,82.56,80,417361,433313
f0:91:27:6b:7a:0a,5059,-33,2325,179.55,82.56,85,417446,433398
f0:91:27:6b:7a:0a,5060,-35,2326,179.50,82.56,75,417521,433473
f0:91:27:6b:7a:0a,5061,-39,2327,179.46,82.56,83,417604,433556
f0:91:27:6b:7a:0a,5062,-35,2328,179.42,82.56,86,417690,433642
f0:91:27:6b:7a:0a,5063,-34,2329,179.37,82.56,73,417763,433715
f0:91:27:6b:7a:0a,5064,-40,2330,179.33,82.56,84,417847,433799
f0:91:27:6b:7a:0a,5065,-36,2331,179.29,82.56,88,417935,433887
f0:91:27:6b:7a:0a,5066,-40,2332,179.25,82.56,77,418012,433964
f0:91:27:6b:7a:0a,5067,-40,2333,179.20,82.56,71,418083,434035
f0:91:27:6b:7a:0a,5072,-36,2334,179.30,82.56,396,418479,434431
f0:91:27:6b:7a:0a,5073,-40,2335,179.26,82.56,87,418566,434518
f0:91:27:6b:7a:0a,5074,-35,2336,179.21,82.56,74,418640,434592
f0:91:27:6b:7a:0a,5077,-33,2337,179.24,82.55,234,418874,434826
f0:91:27:6b:7a:0a,5084,-35,2338,179.40,82.55,562,419436,435388
